audio_duration: 6.9311875
rtf: -254432105.19757643
total_time: -1763516627.144127
ttfb: -1763516627.7592719
