audio_duration: 4.45825
rtf: -395562524.9832734
total_time: -1763516627.0066783
ttfb: -1763516627.8404598
