audio_duration: 4.8878125
rtf: -360798747.3421992
total_time: -1763516627.2435431
ttfb: -1763516627.7659416
