audio_duration: 6.292625
rtf: -280251346.1838392
total_time: -1763516627.2800813
ttfb: -1763516627.5902786
