audio_duration: 5.6540625
rtf: -311902570.44515073
total_time: -1763516627.2075353
ttfb: -1763516627.4239485
