audio_duration: 11.14559375
rtf: -158225453.56738755
total_time: -1763516626.37159
ttfb: -1763516627.883296
