audio_duration: 3.51784375
rtf: -501306127.53838044
total_time: -1763516627.5975945
ttfb: -1763516627.888537
