audio_duration: 3.22759375
rtf: -546387421.6709975
total_time: -1763516627.263926
ttfb: -1763516627.4844823
