audio_duration: 8.4636875
rtf: -208362681.9771239
total_time: -1763516626.9162588
ttfb: -1763516627.6954236
