audio_duration: 9.8685
rtf: -178701588.5568928
total_time: -1763516626.6736965
ttfb: -1763516627.5620553
