audio_duration: 9.02096875
rtf: -195490825.42961308
total_time: -1763516627.1122448
ttfb: -1763516627.9150794
