audio_duration: 2.0781875
rtf: -848583983.766542
total_time: -1763516627.7638302
ttfb: -1763516627.8447855
