audio_duration: 3.483
rtf: -506321167.88235086
total_time: -1763516627.7342281
ttfb: -1763516627.8606548
