audio_duration: 8.92809375
rtf: -197524429.78714907
total_time: -1763516627.0549595
ttfb: -1763516627.8311377
