audio_duration: 8.034125
rtf: -219503259.76413107
total_time: -1763516626.8524995
ttfb: -1763516627.763551
