audio_duration: 2.79803125
rtf: -630270526.0080228
total_time: -1763516627.7243855
ttfb: -1763516627.8355637
