audio_duration: 2.25234375
rtf: -782969574.5684468
total_time: -1763516627.7194002
ttfb: -1763516627.8115602
