audio_duration: 2.5425625
rtf: -693598142.6795332
total_time: -1763516627.6466305
ttfb: -1763516627.7798913
