audio_duration: 7.3955625
rtf: -238456050.7623397
total_time: -1763516626.916056
ttfb: -1763516627.391416
