audio_duration: 2.92571875
rtf: -602763552.5614544
total_time: -1763516627.5456576
ttfb: -1763516627.7606063
