audio_duration: 9.40409375
rtf: -187526482.99743187
total_time: -1763516626.7156303
ttfb: -1763516627.8019505
