audio_duration: 7.9528125
rtf: -221747542.40904513
total_time: -1763516627.1149342
ttfb: -1763516627.9023595
