audio_duration: 2.46134375
rtf: -716485305.1454089
total_time: -1763516627.786495
ttfb: -1763516627.8913448
