audio_duration: 2.29878125
rtf: -767152867.3482224
total_time: -1763516627.343831
ttfb: -1763516627.7785907
