audio_duration: 7.7786875
rtf: -226711334.93358696
total_time: -1763516627.1562061
ttfb: -1763516627.9612398
