audio_duration: 15.2
rtf: 0.48445523026322534
total_time: 7.363719500001025
ttfb: 4.579230899998947
