audio_duration: 9.06
rtf: 0.4322995033113574
total_time: 3.9166335000008985
ttfb: 3.0270619000002625
