audio_duration: 16.74
rtf: 0.3648209737156047
total_time: 6.107103099999222
ttfb: 5.100624499998958
