audio_duration: 8.4
rtf: 0.5256733690475812
total_time: 4.415656299999682
ttfb: 3.3089571000018623
