audio_duration: 11.18
rtf: 0.471340617173521
total_time: 5.2695880999999645
ttfb: 3.4368649999996705
