audio_duration: 3.8
rtf: 0.5766009473690678
total_time: 2.1910836000024574
ttfb: 2.0819413000026543
