audio_duration: 8.42
rtf: 0.3955607482186631
total_time: 3.3306215000011434
ttfb: 2.0369070999986434
