audio_duration: 10.36
rtf: 0.5432034749034148
total_time: 5.627587999999378
ttfb: 5.627061999999569
