audio_duration: 14.84
rtf: 0.42413956873324643
total_time: 6.294231200001377
ttfb: 6.2161865000016405
