audio_duration: 9.26
rtf: 0.3949977537798531
total_time: 3.6576792000014393
ttfb: 1.3989494999987073
