audio_duration: 15.18
rtf: 0.41064296442677634
total_time: 6.233560199998465
ttfb: 6.077321099997789
