audio_duration: 9.0
rtf: 0.4093193333331631
total_time: 3.683873999998468
ttfb: 2.012032700000418
