audio_duration: 17.72
rtf: 0.582081642212246
total_time: 10.314486700000998
ttfb: 8.564444300001924
