audio_duration: 5.2
rtf: 0.5092778461536139
total_time: 2.6482447999987926
ttfb: 2.211581899999146
