audio_duration: 15.18
rtf: 0.3675292885374121
total_time: 5.579094599997916
ttfb: 5.358644500000082
