audio_duration: 5.78
rtf: 0.5150525432528823
total_time: 2.97700370000166
ttfb: 2.7350812000004225
