audio_duration: 8.36
rtf: 0.46206697368418964
total_time: 3.8628798999998253
ttfb: 2.2684460999989824
