audio_duration: 10.28
rtf: 0.677676371595346
total_time: 6.9665131000001566
ttfb: 6.96605400000044
