audio_duration: 5.1
rtf: 0.6749146274509543
total_time: 3.442064599999867
ttfb: 3.177550100001099
