audio_duration: 7.24465625
rtf: -243423092.29892737
total_time: -1763516627.017751
ttfb: -1763516627.8428113
