audio_duration: 6.6409375
rtf: -265552360.2221
total_time: -1763516627.2124522
ttfb: -1763516627.9364014
