audio_duration: 5.5728125
rtf: -316450020.00605446
total_time: -1763516627.1149905
ttfb: -1763516627.6991298
