audio_duration: 7.03565625
rtf: -250654177.00286362
total_time: -1763516627.0188036
ttfb: -1763516627.8326514
