audio_duration: 8.115375
rtf: -217305623.76318547
total_time: -1763516626.4471614
ttfb: -1763516627.614011
