audio_duration: 15.58059375
rtf: -113186740.79133916
total_time: -1763516626.156409
ttfb: -1763516627.8775992
