audio_duration: 11.54034375
rtf: -152813179.94882685
total_time: -1763516626.1400692
ttfb: -1763516627.823058
