audio_duration: 11.66803125
rtf: -151140889.91591308
total_time: -1763516626.6916835
ttfb: -1763516627.9680037
