audio_duration: 13.13090625
rtf: -134302735.27297702
total_time: -1763516625.9880297
ttfb: -1763516627.8795743
