audio_duration: 12.06278125
rtf: -146194860.85948804
total_time: -1763516626.4221911
ttfb: -1763516627.8310783
