audio_duration: 14.19903125
rtf: -124199784.83107461
total_time: -1763516626.0597045
ttfb: -1763516627.9357436
