audio_duration: 16.4861875
rtf: -106969341.81452961
total_time: -1763516625.9059253
ttfb: -1763516627.9740438
