audio_duration: 22.627875
rtf: -77935582.74501674
total_time: -1763516624.4063954
ttfb: -1763516627.9229858
