audio_duration: 17.77490625
rtf: -99213835.55729024
total_time: -1763516625.7337506
ttfb: -1763516627.8928843
