audio_duration: 16.3933125
rtf: -107575368.06105734
total_time: -1763516625.927432
ttfb: -1763516627.8537588
