audio_duration: 16.64871875
rtf: -105925065.57921799
total_time: -1763516625.403706
ttfb: -1763516627.8474815
