audio_duration: 12.3181875
rtf: -143163645.31092155
total_time: -1763516626.1234276
ttfb: -1763516627.8950653
