audio_duration: 14.81434375
rtf: -119041157.39105058
total_time: -1763516625.9888766
ttfb: -1763516627.8434093
