audio_duration: 19.71375
rtf: -89456172.74147217
total_time: -1763516625.3821971
ttfb: -1763516627.8842864
