audio_duration: 16.8693125
rtf: -104539922.7646417
total_time: -1763516625.8426049
ttfb: -1763516627.729569
