audio_duration: 140.62
rtf: 0.5276169641587283
total_time: 74.19349750000038
ttfb: 3.0149646000027133
