audio_duration: 152.3
rtf: 0.5132802751149036
total_time: 78.17258589999983
ttfb: 2.416961500002799
