audio_duration: 158.8
rtf: 0.47640919710325613
total_time: 75.65378049999708
ttfb: 2.5303986000071745
