audio_duration: 160.26
rtf: 0.5078035610882405
total_time: 81.38059870000143
ttfb: 1.6351893999999447
