audio_duration: 15.6154375
rtf: -112934179.77652933
total_time: -1763516625.9141576
ttfb: -1763516627.9013855
