audio_duration: 12.70134375
rtf: -138844886.08795097
total_time: -1763516626.132658
ttfb: -1763516627.9017766
