audio_duration: 19.226125
rtf: -91725016.09391189
total_time: -1763516625.0485616
ttfb: -1763516627.6857948
