audio_duration: 16.95059375
rtf: -104038634.38436612
total_time: -1763516625.7541714
ttfb: -1763516627.9299054
