audio_duration: 15.15103125
rtf: -116395814.70537628
total_time: -1763516625.9703658
ttfb: -1763516627.7055802
