audio_duration: 17.5543125
rtf: -100460591.99102616
total_time: -1763516625.7454705
ttfb: -1763516627.7854009
