audio_duration: 15.19746875
rtf: -116040154.78787011
total_time: -1763516626.1338189
ttfb: -1763516627.8885357
