audio_duration: 14.72146875
rtf: -119792165.84201926
total_time: -1763516625.938104
ttfb: -1763516627.9067967
