audio_duration: 15.45290625
rtf: -114122003.7973421
total_time: -1763516625.7424715
ttfb: -1763516627.8292322
