audio_duration: 16.90415625
rtf: -104324439.47031909
total_time: -1763516625.499941
ttfb: -1763516627.6300712
