audio_duration: 13.43275
rtf: -131284854.25989391
total_time: -1763516626.0595899
ttfb: -1763516627.903125
