audio_duration: 14.4544375
rtf: -122005206.08822866
total_time: -1763516626.0769205
ttfb: -1763516627.9322746
