audio_duration: 12.74778125
rtf: -138339103.23138738
total_time: -1763516626.3148944
ttfb: -1763516627.951782
