audio_duration: 16.35846875
rtf: -107804505.00119337
total_time: -1763516626.1712406
ttfb: -1763516627.9887245
