audio_duration: 12.2369375
rtf: -144114213.7527374
total_time: -1763516626.553888
ttfb: -1763516627.962366
