audio_duration: 11.54034375
rtf: -152813179.96748984
total_time: -1763516626.3554466
ttfb: -1763516627.7402327
