audio_duration: 10.5535
rtf: -167102537.224095
total_time: -1763516626.5944865
ttfb: -1763516627.9277945
