audio_duration: 10.8205
rtf: -162979217.7982671
total_time: -1763516626.1861491
ttfb: -1763516627.9134724
