audio_duration: 11.54034375
rtf: -152813179.95838884
total_time: -1763516626.2504177
ttfb: -1763516627.7558057
