audio_duration: 13.734625
rtf: -128399328.42039993
total_time: -1763516626.1060355
ttfb: -1763516627.6780658
