audio_duration: 10.50703125
rtf: -167841570.5368049
total_time: -1763516626.6792886
ttfb: -1763516627.8459616
