audio_duration: 11.7493125
rtf: -150095303.55903572
total_time: -1763516626.297473
ttfb: -1763516627.9392076
