audio_duration: 10.42578125
rtf: -169149590.28034
total_time: -1763516626.7899508
ttfb: -1763516627.8773367
