audio_duration: 14.4544375
rtf: -122005206.09625766
total_time: -1763516626.1929753
ttfb: -1763516627.711205
