audio_duration: 11.71446875
rtf: -150541750.02337697
total_time: -1763516626.2191613
ttfb: -1763516627.7589204
