audio_duration: 16.795125
rtf: -105001696.95928791
total_time: -1763516625.6433604
ttfb: -1763516627.6544933
