audio_duration: 16.60940625
rtf: -106175777.6553344
total_time: -1763516624.9871213
ttfb: -1763516627.6976507
