audio_duration: 19.83696875
rtf: -88900509.30675249
total_time: -1763516624.9771333
ttfb: -1763516627.713966
