audio_duration: 15.6225625
rtf: -112882673.77665792
total_time: -1763516626.2429495
ttfb: -1763516627.8902252
