audio_duration: 17.43371875
rtf: -101155505.07451305
total_time: -1763516625.4832582
ttfb: -1763516627.8233929
