audio_duration: 11.23846875
rtf: -156917874.28878003
total_time: -1763516626.5108829
ttfb: -1763516627.8666716
