audio_duration: 12.06278125
rtf: -146194860.86058214
total_time: -1763516626.4353893
ttfb: -1763516627.8835487
