audio_duration: 10.46059375
rtf: -168586666.16706207
total_time: -1763516626.440506
ttfb: -1763516627.6509223
