audio_duration: 12.573625
rtf: -140255226.81101093
total_time: -1763516626.2115972
ttfb: -1763516627.849689
