audio_duration: 10.33290625
rtf: -170669953.27053395
total_time: -1763516626.8363082
ttfb: -1763516627.9095507
