audio_duration: 12.2369375
rtf: -144114213.74728772
total_time: -1763516626.4872007
ttfb: -1763516627.8936458
