audio_duration: 9.78721875
rtf: -180185676.00432792
total_time: -1763516626.6709833
ttfb: -1763516627.8423674
