audio_duration: 11.33134375
rtf: -155631729.5844385
total_time: -1763516626.3283174
ttfb: -1763516627.8048062
