audio_duration: 10.251625
rtf: -172023130.627649
total_time: -1763516626.5206723
ttfb: -1763516627.7009048
