audio_duration: 9.4389375
rtf: -186834230.7287045
total_time: -1763516626.7088213
ttfb: -1763516627.9628482
