audio_duration: 14.76790625
rtf: -119415480.86022753
total_time: -1763516626.1425095
ttfb: -1763516627.7412803
