audio_duration: 15.92890625
rtf: -110711721.07905133
total_time: -1763516625.8443575
ttfb: -1763516627.9125872
