audio_duration: 15.3251875
rtf: -115073086.42563502
total_time: -1763516625.6765616
ttfb: -1763516627.5345678
