audio_duration: 17.85615625
rtf: -98762387.65149802
total_time: -1763516625.5282195
ttfb: -1763516627.8367689
