audio_duration: 16.822875
rtf: -104828492.49377017
total_time: -1763516625.6611338
ttfb: -1763516627.8163702
