audio_duration: 6.873106575963718
rtf: 0.5062932985575154
total_time: 3.479807799682021
ttfb: 1.930999799631536
