audio_duration: 8.452063492063493
rtf: 0.45102976377375636
total_time: 3.8121322002261877
ttfb: 2.017644699662924
