audio_duration: 8.40562358276644
rtf: 0.4116230123893915
total_time: 3.4599481001496315
ttfb: 1.3992750002071261
