audio_duration: 7.291065759637188
rtf: 0.5057305641651851
total_time: 3.6873147999867797
ttfb: 2.322699999436736
