audio_duration: 6.919546485260771
rtf: 0.5010239192458339
total_time: 3.466858299449086
ttfb: 1.984608699567616
