audio_duration: 4.690430839002268
rtf: 0.481451976847803
total_time: 2.258217199705541
ttfb: 1.372219099663198
