audio_duration: 7.383945578231293
rtf: 0.5046753880867741
total_time: 3.7264956003054976
ttfb: 1.9211988998576999
