audio_duration: 7.569705215419501
rtf: 0.39070337816686174
total_time: 2.9575093993917108
ttfb: 1.4495185995474458
