audio_duration: 4.179591836734694
rtf: 0.5335766475309356
total_time: 2.2301326002925634
ttfb: 1.3701286995783448
