audio_duration: 4.876190476190477
rtf: 0.5996974101708474
total_time: 2.92423880007118
ttfb: 2.044440000317991
