audio_duration: 5.154829931972789
rtf: 0.5758222946656748
total_time: 2.9682660000398755
ttfb: 2.0308196004480124
