audio_duration: 4.690430839002268
rtf: 0.6361390461639566
total_time: 2.9837662000209093
ttfb: 2.0981330005452037
