audio_duration: 3.8545124716553287
rtf: 0.7577547151512075
total_time: 2.9207750000059605
ttfb: 1.9516733000054955
