audio_duration: 7.801904761904762
rtf: 0.43651217289948363
total_time: 3.405626400373876
ttfb: 1.937202800065279
