audio_duration: 7.383945578231293
rtf: 0.48889730584256913
total_time: 3.6099910996854305
ttfb: 1.9091812996193767
