audio_duration: 7.012426303854875
rtf: 0.4779810516782356
total_time: 3.3518068995326757
ttfb: 1.9557770993560553
