audio_duration: 7.430385487528345
rtf: 0.4608816872820398
total_time: 3.4245286006480455
ttfb: 1.965276800096035
