audio_duration: 7.848344671201814
rtf: 0.43514611589380797
total_time: 3.4151766998693347
ttfb: 1.914410900324583
