audio_duration: 4.96907029478458
rtf: 0.565085686822751
total_time: 2.8079505003988743
ttfb: 1.9210107000544667
