audio_duration: 8.962902494331066
rtf: 0.4555178641034679
total_time: 4.082762200385332
ttfb: 1.997345400042832
