audio_duration: 7.801904761904762
rtf: 0.4860541259290585
total_time: 3.7921479996293783
ttfb: 2.1833047000691295
