audio_duration: 3.436553287981859
rtf: 0.8358514648448733
total_time: 2.8724480997771025
ttfb: 2.0376273998990655
