audio_duration: 5.2477097505668935
rtf: 0.5882421564876447
total_time: 3.086924100294709
ttfb: 2.030282599851489
