audio_duration: 6.548027210884354
rtf: 0.5144556812362505
total_time: 3.368669799529016
ttfb: 1.9547191997990012
