audio_duration: 5.712108843537415
rtf: 0.5767585299974776
total_time: 3.294507499784231
ttfb: 2.1434513004496694
