audio_duration: 8.38
rtf: 0.458922816228974
total_time: 3.8457731999988027
ttfb: 2.4363713999991887
