audio_duration: 17.22
rtf: 0.39062236933801814
total_time: 6.726517200000671
ttfb: 5.8053007000016805
