audio_duration: 8.2
rtf: 0.6015948780490052
total_time: 4.933078000001842
ttfb: 4.933078000001842
