audio_duration: 11.08
rtf: 0.9223706317689879
total_time: 10.219866600000387
ttfb: 10.192818600000464
