audio_duration: 6.9
rtf: 0.5775281594205939
total_time: 3.9849443000020983
ttfb: 2.709931700002926
