audio_duration: 17.0
rtf: 0.3631685058824266
total_time: 6.173864600001252
ttfb: 3.45908000000054
