audio_duration: 10.08
rtf: 0.5043417361111862
total_time: 5.083764700000756
ttfb: 3.1806143000030715
