audio_duration: 30.44
rtf: 0.3521697043364212
total_time: 10.720045800000662
ttfb: 5.880498300000909
