audio_duration: 12.54
rtf: 0.4639903827749737
total_time: 5.818439399998169
ttfb: 2.4975254999990284
