audio_duration: 14.18
rtf: 0.4541468899856644
total_time: 6.439802899996721
ttfb: 6.250270599997748
