audio_duration: 16.36
rtf: 0.3490626833740139
total_time: 5.710665499998868
ttfb: 4.955688000001828
