audio_duration: 15.12
rtf: 0.309355575396819
total_time: 4.677456299999903
ttfb: 1.9756825000004028
