audio_duration: 14.28
rtf: 0.3260036204481657
total_time: 4.655331699999806
ttfb: 1.7168754000012996
