audio_duration: 15.74
rtf: 0.3689747458703573
total_time: 5.807662499999424
ttfb: 5.145460899999307
