audio_duration: 18.62
rtf: 0.4517490601503418
total_time: 8.411567499999364
ttfb: 1.7728396999991674
