audio_duration: 23.48
rtf: 0.39608107325390646
total_time: 9.299983600001724
ttfb: 5.977389700001368
