audio_duration: 14.94
rtf: 0.43769232262389146
total_time: 6.539123300000938
ttfb: 4.227891800001089
