audio_duration: 17.78
rtf: 0.44691230596174575
total_time: 7.94610079999984
ttfb: 2.7616545999990194
