audio_duration: 14.52
rtf: 0.37941615013771685
total_time: 5.509122499999648
ttfb: 1.8303935000003548
