audio_duration: 18.6
rtf: 0.4267489999999456
total_time: 7.9375313999989885
ttfb: 5.845197200000257
