audio_duration: 0.84753125
rtf: 0.7376617676365592
total_time: 0.6251914000022225
ttfb: 0.5834966000111308
