audio_duration: 0.71984375
rtf: 1.4446704579904976
total_time: 1.0399369999940973
ttfb: 1.0007662999851163
