audio_duration: 12.678095238095239
rtf: 0.7293673084160008
total_time: 9.246988199651241
ttfb: 7.7057317001745105
