audio_duration: 13.374693877551021
rtf: 0.5610115692107343
total_time: 7.503357999958098
ttfb: 2.2943682996556163
