audio_duration: 12.399455782312925
rtf: 0.595631931705458
total_time: 7.385511799715459
ttfb: 2.3797236997634172
