audio_duration: 13.885532879818594
rtf: 0.8556580221008203
total_time: 11.881267599761486
ttfb: 2.911194199696183
