audio_duration: 14.349931972789115
rtf: 0.4681288045874469
total_time: 6.7176165003329515
ttfb: 1.9649176998063922
