audio_duration: 12.027936507936507
rtf: 1.599220596740083
total_time: 19.23532379977405
ttfb: 3.5383903002366424
