audio_duration: 11.23845804988662
rtf: 0.5031294573414504
total_time: 5.654399299994111
ttfb: 1.4658000003546476
