audio_duration: 11.842176870748299
rtf: 0.7230617557856663
total_time: 8.562625200487673
ttfb: 1.8064077999442816
