audio_duration: 11.888616780045352
rtf: 0.5908620767666406
total_time: 7.024532800540328
ttfb: 2.4000995997339487
