audio_duration: 13.514013605442177
rtf: 0.4815425372787113
total_time: 6.507572400383651
ttfb: 2.8825710006058216
