audio_duration: 10.077460317460318
rtf: 2.1156418709045783
total_time: 21.32029699999839
ttfb: 5.157049300149083
