audio_duration: 11.052698412698414
rtf: 0.7175941479371271
total_time: 7.9313516998663545
ttfb: 4.352940199896693
