audio_duration: 10.309659863945578
rtf: 0.5965848806288311
total_time: 6.150587199255824
ttfb: 2.4010434998199344
