audio_duration: 13.142494331065759
rtf: 1.126972485350669
total_time: 14.811229499988258
ttfb: 2.876976099796593
