audio_duration: 11.377777777777778
rtf: 0.4666433642159973
total_time: 5.309364499524236
ttfb: 1.5520755993202329
