audio_duration: 8.126984126984127
rtf: 0.8733783885418234
total_time: 7.097932300530374
ttfb: 5.485643500462174
