audio_duration: 9.47374149659864
rtf: 0.5062488565773919
total_time: 4.796070800162852
ttfb: 2.032745100557804
