audio_duration: 9.148662131519274
rtf: 0.8770583266192115
total_time: 8.023910299874842
ttfb: 3.8824094999581575
