audio_duration: 8.916462585034013
rtf: 0.5479701455129771
total_time: 4.885955300182104
ttfb: 1.5161117995157838
