audio_duration: 10.031020408163265
rtf: 0.8893413866360333
total_time: 8.921001599170268
ttfb: 5.640082499943674
