audio_duration: 8.6378231292517
rtf: 2.449888783772739
total_time: 21.161706000566483
ttfb: 3.2196957003325224
