audio_duration: 8.219863945578231
rtf: 0.4760360057266013
total_time: 3.9129512002691627
ttfb: 1.9906852003186941
