audio_duration: 8.6378231292517
rtf: 0.4804396476130581
total_time: 4.1499527003616095
ttfb: 2.019937800243497
