audio_duration: 8.823582766439909
rtf: 0.5016872190749143
total_time: 4.426678700372577
ttfb: 2.0804719999432564
