audio_duration: 9.566621315192744
rtf: 0.6995342325329421
total_time: 6.6921790996566415
ttfb: 2.3137296000495553
