audio_duration: 14.396371882086168
rtf: 0.6430828180851501
total_time: 9.258059400133789
ttfb: 2.9683940997347236
