audio_duration: 13.003174603174603
rtf: 0.7949758436029697
total_time: 10.33720969967544
ttfb: 2.262015599757433
