audio_duration: 12.399455782312925
rtf: 1.7061086286196698
total_time: 21.15481850039214
ttfb: 3.2120233001187444
