audio_duration: 13.514013605442177
rtf: 0.5722266252979755
total_time: 7.733078399673104
ttfb: 4.293918999843299
