audio_duration: 12.956734693877552
rtf: 0.91141912513605
total_time: 11.809015799313784
ttfb: 4.665775999426842
