audio_duration: 10.077460317460318
rtf: 0.5882121202082471
total_time: 5.927684299647808
ttfb: 2.627400799654424
