audio_duration: 9.845260770975056
rtf: 1.041560547636831
total_time: 10.254435200244188
ttfb: 6.8880436001345515
