audio_duration: 9.47374149659864
rtf: 0.8285850107921867
total_time: 7.849800200201571
ttfb: 3.2970225997269154
