audio_duration: 10.031020408163265
rtf: 0.4851991425084634
total_time: 4.867042500525713
ttfb: 2.1832076003775
