audio_duration: 9.334421768707482
rtf: 0.6661927705483404
total_time: 6.218524299561977
ttfb: 2.074338600039482
