audio_duration: 8.777142857142858
rtf: 0.7357929459279451
total_time: 6.458159799687564
ttfb: 2.356810700148344
