audio_duration: 8.6378231292517
rtf: 0.7975583774982772
total_time: 6.889168200083077
ttfb: 1.7365322997793555
