audio_duration: 9.287981859410431
rtf: 0.5013166660280604
total_time: 4.656220099888742
ttfb: 2.253656799905002
