audio_duration: 9.241541950113378
rtf: 0.5667289320510336
total_time: 5.2374491998925805
ttfb: 2.365845499560237
