audio_duration: 9.102222222222222
rtf: 0.6348749963763112
total_time: 5.778773300349712
ttfb: 2.355121400207281
