audio_duration: 13.049614512471654
rtf: 0.5871498573752786
total_time: 7.662079299800098
ttfb: 2.3593899002298713
