audio_duration: 12.120816326530612
rtf: 1.0427587515002008
total_time: 12.63908729981631
ttfb: 1.7518403995782137
