audio_duration: 12.538775510204081
rtf: 0.4491041485592481
total_time: 5.631216099485755
ttfb: 2.248035700060427
