audio_duration: 12.956734693877552
rtf: 0.5292983271946498
total_time: 6.85797799937427
ttfb: 1.7505597993731499
