audio_duration: 11.517097505668934
rtf: 0.662571962805252
total_time: 7.6309059001505375
ttfb: 2.77046009991318
