audio_duration: 112.70965986394557
rtf: 0.33782919445766807
total_time: 38.076613599434495
ttfb: 2.136444599367678
