audio_duration: 109.83038548752835
rtf: 0.33826284807103685
total_time: 37.15153899975121
ttfb: 2.325363799929619
