audio_duration: 131.05342403628117
rtf: 0.34014746907973586
total_time: 44.57749050017446
ttfb: 2.3746638000011444
