audio_duration: 110.01614512471656
rtf: 0.3567568047023664
total_time: 39.24900840036571
ttfb: 2.2423609001562
