audio_duration: 111.17714285714285
rtf: 0.3462994632795208
total_time: 38.50058490037918
ttfb: 2.2032965002581477
