audio_duration: 108.53006802721089
rtf: 0.359465043269238
total_time: 39.012765599414706
ttfb: 2.20922779943794
