audio_duration: 113.40625850340136
rtf: 0.3274999439172327
total_time: 37.14054329972714
ttfb: 1.3562353001907468
