audio_duration: 115.26385487528344
rtf: 0.3549123057244934
total_time: 40.908560500480235
ttfb: 1.9840326998382807
