audio_duration: 123.34439909297052
rtf: 0.35906412148200073
total_time: 44.28854830004275
ttfb: 1.9352520005777478
