audio_duration: 127.38467120181406
rtf: 0.3642145955386292
total_time: 46.39535649958998
ttfb: 1.6183529999107122
