audio_duration: 19.98
rtf: 0.3093934134125488
total_time: 6.181680399982724
ttfb: 3.3680896000005305
