audio_duration: 11.88
rtf: 0.3020679629631246
total_time: 3.5885674000019208
ttfb: 1.7380614000139758
