audio_duration: 21.62
rtf: 0.3704575254380699
total_time: 8.009291699971072
ttfb: 5.98883400001796
