audio_duration: 12.22
rtf: 0.3779268003274258
total_time: 4.618265500001144
ttfb: 2.8942800000077114
