audio_duration: 14.46
rtf: 0.4391197302928748
total_time: 6.34967130003497
ttfb: 6.249228200002108
