audio_duration: 14.7
rtf: 0.37923938775717025
total_time: 5.574819000030402
ttfb: 2.4910518000251614
