audio_duration: 18.58
rtf: 0.31287010226035805
total_time: 5.813126499997452
ttfb: 4.57426869997289
