audio_duration: 12.8
rtf: 0.36268753125114017
total_time: 4.642400400014594
ttfb: 2.6789004000020213
