audio_duration: 15.48
rtf: 0.38855715762482096
total_time: 6.014864800032228
ttfb: 5.688858700043056
