audio_duration: 15.96
rtf: 0.37927306391036764
total_time: 6.0531981000094675
ttfb: 5.696651300007943
