audio_duration: 7.291065759637188
rtf: 0.4827155886302019
total_time: 3.5195110999047756
ttfb: 2.0488757994025946
