audio_duration: 6.2693877551020405
rtf: 0.5572223057030594
total_time: 3.4934427002444863
ttfb: 2.0272716004401445
