audio_duration: 7.058866213151927
rtf: 0.48444319479645664
total_time: 3.4196196999400854
ttfb: 1.976945599541068
