audio_duration: 7.151746031746032
rtf: 0.592954878534742
total_time: 4.240662699565291
ttfb: 2.4985285997390747
