audio_duration: 6.826666666666667
rtf: 0.5188365820686158
total_time: 3.541924400255084
ttfb: 1.4279049998149276
