audio_duration: 8.40562358276644
rtf: 0.4030280641530713
total_time: 3.387702200561762
ttfb: 1.4037445997819304
