audio_duration: 15.696689342403628
rtf: 0.42031805915312953
total_time: 6.597601999528706
ttfb: 2.4961428996175528
