audio_duration: 13.978412698412699
rtf: 0.38801322562946106
total_time: 5.42380900029093
ttfb: 2.0423865001648664
