audio_duration: 10.077460317460318
rtf: 0.48489992977480256
total_time: 4.886559800244868
ttfb: 1.914402799680829
