audio_duration: 16.62548752834467
rtf: 0.3525755855196103
total_time: 5.861740999855101
ttfb: 2.041855299845338
