audio_duration: 11.42421768707483
rtf: 0.41836846345875794
total_time: 4.779532399959862
ttfb: 1.9228606997057796
