audio_duration: 47.55446712018141
rtf: 0.3469567319203559
total_time: 16.49934250023216
ttfb: 2.0408072005957365
