audio_duration: 47.55446712018141
rtf: 0.3518147171724273
total_time: 16.730361400172114
ttfb: 1.9702433003112674
