audio_duration: 9.47374149659864
rtf: 0.4709915720020356
total_time: 4.462052400223911
ttfb: 2.220863800495863
