audio_duration: 47.55446712018141
rtf: 0.31446035052975496
total_time: 14.953994399867952
ttfb: 1.9449372002854943
