audio_duration: 16.114648526077097
rtf: 0.38106138583122395
total_time: 6.140670299530029
ttfb: 1.9575608000159264
