audio_duration: 14.535691609977324
rtf: 0.4257490435713826
total_time: 6.188556800596416
ttfb: 2.128726100549102
