audio_duration: 13.978412698412699
rtf: 0.4303480537537537
total_time: 6.015582699328661
ttfb: 2.0113889994099736
