audio_duration: 15.789569160997733
rtf: 0.339289764348691
total_time: 5.3572391998022795
ttfb: 1.3334452006965876
