audio_duration: 17.22920634920635
rtf: 0.35418831702767384
total_time: 6.10238360054791
ttfb: 1.9647476999089122
