audio_duration: 187.53634375
rtf: 0.19466599044433464
total_time: 36.50694810040295
ttfb: 1.1626150999218225
