audio_duration: 154.66846875
rtf: 0.21897016226298033
total_time: 33.8677796991542
ttfb: 0.8557734992355108
