audio_duration: 200.95734375
rtf: 0.1899194997725309
total_time: 38.16571820061654
ttfb: 0.8674726998433471
