audio_duration: 146.70403125
rtf: 0.22519618117163676
total_time: 33.03718759998446
ttfb: 1.5780406999983825
