audio_duration: 183.14771875
rtf: 0.20433312385995386
total_time: 37.42314550001174
ttfb: 1.0861168000847101
