audio_duration: 170.9224375
rtf: 0.1970327564486306
total_time: 33.677318999543786
ttfb: 0.8410340994596481
