audio_duration: 141.9555
rtf: 0.19914487920489843
total_time: 28.26971089997096
ttfb: 0.4262038999586366
