audio_duration: 149.351
rtf: 0.20358715174323308
total_time: 30.4059447000036
ttfb: 0.48102429998107255
