audio_duration: 157.03684375
rtf: 0.19402665115023177
total_time: 30.469332900014706
ttfb: 0.9224187000072561
