audio_duration: 8.08
rtf: 0.3443735395788704
total_time: 2.7825381997972727
ttfb: 0.5045325998216867
