audio_duration: 6.64
rtf: 0.36662585839786266
total_time: 2.434395699761808
ttfb: 0.4997376995161176
