audio_duration: 7.44
rtf: 0.36460841400048105
total_time: 2.712686600163579
ttfb: 0.4849733002483845
