audio_duration: 8.48
rtf: 0.35346091981924505
total_time: 2.9973486000671983
ttfb: 0.5268905004486442
