audio_duration: 7.36
rtf: 0.3646407201734331
total_time: 2.6837557004764676
ttfb: 0.5677960999310017
