audio_duration: 5.28
rtf: 0.3839641287358421
total_time: 2.0273305997252464
ttfb: 0.5030226996168494
