audio_duration: 3.68
rtf: 0.40679961954162497
total_time: 1.4970225999131799
ttfb: 0.49580319970846176
