audio_duration: 8.88
rtf: 0.3565045607460847
total_time: 3.1657604994252324
ttfb: 0.4839639998972416
