audio_duration: 3.2
rtf: 0.41779418737860397
total_time: 1.3369413996115327
ttfb: 0.48240319918841124
