audio_duration: 3.6
rtf: 0.40646930535634357
total_time: 1.463289499282837
ttfb: 0.4946070993319154
