audio_duration: 4.96
rtf: 0.38454895163135183
total_time: 1.907362800091505
ttfb: 0.5139827001839876
