audio_duration: 8.0
rtf: 0.36057305010035634
total_time: 2.8845844008028507
ttfb: 0.5077982004731894
