audio_duration: 3.68
rtf: 0.41409241840364813
total_time: 1.5238600997254252
ttfb: 0.5252170003950596
