audio_duration: 8.48
rtf: 0.35351303072189383
total_time: 2.99779050052166
ttfb: 0.49288460053503513
