audio_duration: 4.24
rtf: 0.3866384199047285
total_time: 1.639346900396049
ttfb: 0.5442754998803139
