audio_duration: 3.68
rtf: 0.40365638611230836
total_time: 1.4854555008932948
ttfb: 0.4983465000987053
