audio_duration: 5.44
rtf: 0.3733945770791786
total_time: 2.031266499310732
ttfb: 0.469242999330163
