audio_duration: 7.84
rtf: 0.36041665815140067
total_time: 2.825666599906981
ttfb: 0.5060101002454758
