audio_duration: 5.28
rtf: 0.3728621589922995
total_time: 1.9687121994793415
ttfb: 0.45793360006064177
