audio_duration: 8.08
rtf: 0.3548654332286724
total_time: 2.8673127004876733
ttfb: 0.49162849970161915
