audio_duration: 9.12
rtf: 0.36372240130348427
total_time: 3.3171482998877764
ttfb: 0.6173115996643901
