audio_duration: 7.6
rtf: 0.356602684202555
total_time: 2.710180399939418
ttfb: 0.46884030010551214
