audio_duration: 7.44
rtf: 0.36124224456587944
total_time: 2.6876422995701432
ttfb: 0.5128097999840975
