audio_duration: 7.2
rtf: 0.3558260415835927
total_time: 2.5619474994018674
ttfb: 0.512127099558711
