audio_duration: 8.56
rtf: 0.34807742993286417
total_time: 2.9795428002253175
ttfb: 0.4649854004383087
