audio_duration: 13.92
rtf: 0.34748477728812605
total_time: 4.836988099850714
ttfb: 0.742696600034833
