audio_duration: 14.72
rtf: 0.34909990493400506
total_time: 5.138750600628555
ttfb: 0.6297466000542045
