audio_duration: 13.52
rtf: 0.32842387569263665
total_time: 4.440290799364448
ttfb: 0.5148414000868797
