audio_duration: 12.64
rtf: 0.34576086239016884
total_time: 4.370417300611734
ttfb: 0.6599826002493501
