audio_duration: 14.0
rtf: 0.3514106642854001
total_time: 4.919749299995601
ttfb: 0.6922752000391483
