audio_duration: 12.08
rtf: 0.33336034767786105
total_time: 4.026992999948561
ttfb: 0.5026842998340726
