audio_duration: 13.36
rtf: 0.34076432630553577
total_time: 4.5526113994419575
ttfb: 0.4934650994837284
