audio_duration: 13.28
rtf: 0.33405320031613295
total_time: 4.436226500198245
ttfb: 0.5484231002628803
