audio_duration: 12.4
rtf: 0.3560662903492489
total_time: 4.415222000330687
ttfb: 0.7219238001853228
