audio_duration: 11.84
rtf: 0.34102167229394653
total_time: 4.037696599960327
ttfb: 0.5253959000110626
