audio_duration: 11.04
rtf: 0.3490815036154042
total_time: 3.853859799914062
ttfb: 0.5809259004890919
