audio_duration: 12.56
rtf: 0.33679917198160936
total_time: 4.230197600089014
ttfb: 0.4764973996207118
