audio_duration: 12.48
rtf: 0.33699553683758354
total_time: 4.205704299733043
ttfb: 0.5395248997956514
