audio_duration: 11.84
rtf: 0.33953587840802063
total_time: 4.020104800350964
ttfb: 0.5219828002154827
