audio_duration: 12.56
rtf: 0.3317126751414672
total_time: 4.166311199776828
ttfb: 0.517484100535512
