audio_duration: 12.0
rtf: 0.33498504168043536
total_time: 4.019820500165224
ttfb: 0.5003965003415942
