audio_duration: 10.4
rtf: 0.3464646442220188
total_time: 3.6032322999089956
ttfb: 0.5181574001908302
