audio_duration: 9.92
rtf: 0.34900106848292656
total_time: 3.4620905993506312
ttfb: 0.5179972993209958
