audio_duration: 12.32
rtf: 0.33535578729609
total_time: 4.131583299487829
ttfb: 0.49710069969296455
