audio_duration: 9.76
rtf: 0.3427839241578381
total_time: 3.3455710997805
ttfb: 0.4914031997323036
