audio_duration: 8.72
rtf: 0.35421408257882936
total_time: 3.0887468000873923
ttfb: 0.5047695999965072
