audio_duration: 10.48
rtf: 0.3382025476729938
total_time: 3.544362699612975
ttfb: 0.4971230998635292
