audio_duration: 8.88
rtf: 0.3660009121983773
total_time: 3.250088100321591
ttfb: 0.6455086003988981
