audio_duration: 9.76
rtf: 0.33862593242150474
total_time: 3.304989100433886
ttfb: 0.5267371004447341
