audio_duration: 9.12
rtf: 0.3450590240965156
total_time: 3.1469382997602224
ttfb: 0.5135781997814775
