audio_duration: 12.64
rtf: 0.33645462819457617
total_time: 4.252786500379443
ttfb: 0.524180700071156
