audio_duration: 17.36
rtf: 0.3313177015765437
total_time: 5.751675299368799
ttfb: 0.6047825999557972
