audio_duration: 15.84
rtf: 0.33043323859638263
total_time: 5.234062499366701
ttfb: 0.5039940997958183
