audio_duration: 16.24
rtf: 0.33087872537632884
total_time: 5.37347050011158
ttfb: 0.5419041998684406
