audio_duration: 16.08
rtf: 0.3247425435643773
total_time: 5.221860100515187
ttfb: 0.555816700682044
