audio_duration: 11.04
rtf: 0.34727354169539787
total_time: 3.833899900317192
ttfb: 0.5507308002561331
