audio_duration: 11.36
rtf: 0.34947047538032205
total_time: 3.9699846003204584
ttfb: 0.49501669965684414
