audio_duration: 11.68
rtf: 0.33790571064917907
total_time: 3.9467387003824115
ttfb: 0.48786120023578405
