audio_duration: 9.28
rtf: 0.35162546334723976
total_time: 3.263084299862385
ttfb: 0.5480325995013118
