audio_duration: 10.8
rtf: 0.35834215745260867
total_time: 3.870095300488174
ttfb: 0.6576334005221725
