audio_duration: 9.52
rtf: 0.3436557878153164
total_time: 3.271603100001812
ttfb: 0.4909820007160306
