audio_duration: 8.16
rtf: 0.36534998775916355
total_time: 2.9812559001147747
ttfb: 0.5895838001742959
