audio_duration: 10.08
rtf: 0.3465787201772429
total_time: 3.4935134993866086
ttfb: 0.5081251002848148
