audio_duration: 9.44
rtf: 0.3446692055272791
total_time: 3.2536773001775146
ttfb: 0.48418839927762747
