audio_duration: 9.12
rtf: 0.3457455482260373
total_time: 3.1531993998214602
ttfb: 0.49437670037150383
