audio_duration: 13.2
rtf: 0.3468627879170306
total_time: 4.578588800504804
ttfb: 0.5965623008087277
