audio_duration: 14.96
rtf: 0.32820175134173446
total_time: 4.909898200072348
ttfb: 0.5042187999933958
