audio_duration: 13.36
rtf: 0.3385665569270398
total_time: 4.523249200545251
ttfb: 0.5282767005264759
