audio_duration: 14.64
rtf: 0.3378917759569372
total_time: 4.946735600009561
ttfb: 0.5494542997330427
