audio_duration: 15.2
rtf: 0.3391361183879015
total_time: 5.154868999496102
ttfb: 0.6565601993352175
