audio_duration: 15.68
rtf: 0.41191503826513903
total_time: 6.45882779999738
ttfb: 2.5420607999985805
