audio_duration: 16.04
rtf: 0.4499470822941786
total_time: 7.217151199998625
ttfb: 2.308219900001859
