audio_duration: 17.46
rtf: 0.38803131156936055
total_time: 6.775026700001035
ttfb: 2.327918300001329
