audio_duration: 15.72
rtf: 0.3972930470739506
total_time: 6.245446700002503
ttfb: 1.556004900001426
