audio_duration: 14.18
rtf: 0.3221365444289137
total_time: 4.5678962000019965
ttfb: 2.3224871000020357
