audio_duration: 13.08
rtf: 0.4136564602447205
total_time: 5.410626500000944
ttfb: 3.244211400000495
