audio_duration: 10.12
rtf: 0.3693100790514443
total_time: 3.7374180000006163
ttfb: 2.326800099999673
