audio_duration: 11.3
rtf: 0.44540446017705526
total_time: 5.0330704000007245
ttfb: 3.423520800002734
