audio_duration: 11.02
rtf: 0.4389269963704314
total_time: 4.836975500002154
ttfb: 2.6106198000015866
