audio_duration: 12.12
rtf: 0.43689143564340754
total_time: 5.295124199998099
ttfb: 1.963338499997917
