audio_duration: 16.24
rtf: 0.42104841748754235
total_time: 6.837826299997687
ttfb: 2.5234385000003385
