audio_duration: 16.1
rtf: 0.3914667329192288
total_time: 6.302614399999584
ttfb: 2.667765199999849
