audio_duration: 11.8
rtf: 0.45739560169503246
total_time: 5.397268100001384
ttfb: 2.567256100002851
