audio_duration: 11.94
rtf: 0.3964668174202457
total_time: 4.733813799997733
ttfb: 2.586296299999958
