audio_duration: 10.26
rtf: 0.4181441130604993
total_time: 4.290158600000723
ttfb: 3.1326345999987097
