audio_duration: 9.94
rtf: 0.3890823641849269
total_time: 3.8674786999981734
ttfb: 2.5989121999991767
