audio_duration: 16.48
rtf: 0.448849951456316
total_time: 7.397047200000088
ttfb: 3.2891171999981452
