audio_duration: 15.98
rtf: 0.44782920525658176
total_time: 7.156310700000176
ttfb: 2.89427330000035
