audio_duration: 7.3143125
rtf: -241104905.9161495
total_time: -1763516627.1538162
ttfb: -1763516627.7711358
