audio_duration: 6.88471875
rtf: -256149407.28922346
total_time: -1763516627.1655035
ttfb: -1763516627.8255026
