audio_duration: 8.8468125
rtf: -199339211.34270525
total_time: -1763516626.6467867
ttfb: -1763516627.6544082
