audio_duration: 6.80346875
rtf: -259208455.57708517
total_time: -1763516627.2544622
ttfb: -1763516627.8795545
