audio_duration: 7.90640625
rtf: -223049078.35607496
total_time: -1763516627.1712108
ttfb: -1763516627.8279743
