audio_duration: 12.7129375
rtf: -138718264.49521217
total_time: -1763516626.6361015
ttfb: -1763516627.7096815
