audio_duration: 13.734625
rtf: -128399328.448609
total_time: -1763516626.4934762
ttfb: -1763516627.8561692
