audio_duration: 13.0148125
rtf: -135500732.44892356
total_time: -1763516626.4354057
ttfb: -1763516627.8927472
