audio_duration: 13.69978125
rtf: -128725896.74910238
total_time: -1763516626.6727886
ttfb: -1763516627.945668
