audio_duration: 13.06125
rtf: -135018977.9846692
total_time: -1763516626.2022605
ttfb: -1763516627.8877988
