audio_duration: 19.31903125
rtf: -91283905.6621064
total_time: -1763516626.1082852
ttfb: -1763516627.8106918
