audio_duration: 17.91421875
rtf: -98442284.89279178
total_time: -1763516625.819292
ttfb: -1763516627.6965606
