audio_duration: 19.0984375
rtf: -92338267.2559242
total_time: -1763516626.0455647
ttfb: -1763516627.7693849
