audio_duration: 20.03884375
rtf: -88004909.25236617
total_time: -1763516625.741095
ttfb: -1763516627.8379223
