audio_duration: 13.0148125
rtf: -135500732.449328
total_time: -1763516626.4406698
ttfb: -1763516627.7506025
