audio_duration: 15.36
rtf: -114812280.34384586
total_time: -1763516626.0814724
ttfb: -1763516627.7745697
