audio_duration: 17.48465625
rtf: -100860811.96022113
total_time: -1763516626.220355
ttfb: -1763516627.676258
