audio_duration: 11.7376875
rtf: -150243957.9098645
total_time: -1763516626.7091424
ttfb: -1763516627.7736914
