audio_duration: 18.843
rtf: -93590013.60329421
total_time: -1763516626.3268728
ttfb: -1763516627.7199306
