audio_duration: 13.3979375
rtf: -131625977.982715
total_time: -1763516626.3887916
ttfb: -1763516627.582277
