audio_duration: 14.6401875
rtf: -120457243.2064728
total_time: -1763516626.275863
ttfb: -1763516627.888355
