audio_duration: 14.80275
rtf: -119134392.34081157
total_time: -1763516626.2229483
ttfb: -1763516627.9160888
