audio_duration: 14.29190625
rtf: -123392680.85349149
total_time: -1763516626.6942704
ttfb: -1763516627.991011
