audio_duration: 18.169625
rtf: -97058504.27730958
total_time: -1763516625.779611
ttfb: -1763516627.5147898
