audio_duration: 16.38165625
rtf: -107651912.57332511
total_time: -1763516626.4312649
ttfb: -1763516627.7652655
