audio_duration: 14.38478125
rtf: -122595998.88755925
total_time: -1763516626.1227832
ttfb: -1763516627.8206367
