audio_duration: 14.41959375
rtf: -122300021.54159148
total_time: -1763516626.245998
ttfb: -1763516627.7385998
