audio_duration: 16.50940625
rtf: -106818900.6460571
total_time: -1763516625.9441442
ttfb: -1763516627.836732
