audio_duration: 16.50940625
rtf: -106818900.65824994
total_time: -1763516626.1454408
ttfb: -1763516627.7065775
