audio_duration: 14.80275
rtf: -119134392.34617396
total_time: -1763516626.3023264
ttfb: -1763516627.7815711
