audio_duration: 13.0960625
rtf: -134660064.93464684
total_time: -1763516626.6381936
ttfb: -1763516627.9826446
