audio_duration: 12.21371875
rtf: -144388180.38934594
total_time: -1763516626.0997367
ttfb: -1763516627.6553419
