audio_duration: 14.08290625
rtf: -125223912.94941732
total_time: -1763516626.3248053
ttfb: -1763516627.6290007
