audio_duration: 13.4791875
rtf: -130832561.42580797
total_time: -1763516626.5637329
ttfb: -1763516627.7886612
