audio_duration: 15.44128125
rtf: -114207920.7783576
total_time: -1763516625.7163384
ttfb: -1763516627.6728714
