audio_duration: 10.12390625
rtf: -174193298.84122342
total_time: -1763516626.8467793
ttfb: -1763516627.7402246
