audio_duration: 9.9033125
rtf: -178073409.94152093
total_time: -1763516626.5914886
ttfb: -1763516627.6494374
