audio_duration: 10.28646875
rtf: -171440430.06551504
total_time: -1763516626.355481
ttfb: -1763516627.3549938
