audio_duration: 11.14559375
rtf: -158225453.59143808
total_time: -1763516626.6396472
ttfb: -1763516627.8323958
