audio_duration: 10.63475
rtf: -165825865.82584995
total_time: -1763516626.5914578
ttfb: -1763516627.8827548
