audio_duration: 12.63165625
rtf: -139610878.5324551
total_time: -1763516626.382477
ttfb: -1763516627.6939144
