audio_duration: 10.63475
rtf: -165825865.83234584
total_time: -1763516626.6605399
ttfb: -1763516627.824736
