audio_duration: 10.66959375
rtf: -165284327.42432076
total_time: -1763516626.8594866
ttfb: -1763516627.8915482
