audio_duration: 12.0395625
rtf: -146476803.14736176
total_time: -1763516626.2928586
ttfb: -1763516627.793065
