audio_duration: 9.64790625
rtf: -182787496.202283
total_time: -1763516627.0318575
ttfb: -1763516627.7281208
