audio_duration: 15.5876875
rtf: -113135231.0057545
total_time: -1763516626.158012
ttfb: -1763516627.8289998
