audio_duration: 17.03896875
rtf: -103499023.44525574
total_time: -1763516626.1392298
ttfb: -1763516627.4967065
