audio_duration: 14.90275
rtf: -118334980.2116886
total_time: -1763516626.3497422
ttfb: -1763516627.8301523
