audio_duration: 16.6906875
rtf: -105658716.94662668
total_time: -1763516626.2071
ttfb: -1763516627.8931785
