audio_duration: 17.2479375
rtf: -102245072.83491279
total_time: -1763516625.9395235
ttfb: -1763516627.791115
