audio_duration: 10.2051875
rtf: -172805901.59479678
total_time: -1763516626.88145
ttfb: -1763516627.727129
