audio_duration: 12.46909375
rtf: -141431018.29139328
total_time: -1763516626.233348
ttfb: -1763516627.4588249
