audio_duration: 10.12390625
rtf: -174193298.8448909
total_time: -1763516626.8839085
ttfb: -1763516627.6508834
