audio_duration: 15.74315625
rtf: -112017984.09928815
total_time: -1763516626.4851089
ttfb: -1763516627.9521713
