audio_duration: 11.19203125
rtf: -157568951.11842948
total_time: -1763516624.947185
ttfb: -1763516625.5775836
