audio_duration: 9.6130625
rtf: -183450032.34827474
total_time: -1763516626.5909867
ttfb: -1763516627.4979029
