audio_duration: 9.40409375
rtf: -187526483.01082203
total_time: -1763516626.8415525
ttfb: -1763516627.790752
