audio_duration: 11.3545625
rtf: -155313480.95177785
total_time: -1763516626.559521
ttfb: -1763516627.5093293
