audio_duration: 10.33290625
rtf: -170669953.2661954
total_time: -1763516626.7914784
ttfb: -1763516627.7432785
