audio_duration: 10.07746875
rtf: -174995990.61999884
total_time: -1763516626.8483315
ttfb: -1763516627.8771682
