audio_duration: 15.10459375
rtf: -116753661.54415946
total_time: -1763516626.4495263
ttfb: -1763516627.8778229
