audio_duration: 15.27875
rtf: -115422834.07342817
total_time: -1763516626.0993907
ttfb: -1763516627.8196104
