audio_duration: 17.27565625
rtf: -102081020.8450399
total_time: -1763516625.767994
ttfb: -1763516627.4389708
