audio_duration: 13.27021875
rtf: -132892807.56320998
total_time: -1763516626.6654508
ttfb: -1763516627.8607783
