audio_duration: 16.9738125
rtf: -103896318.30363107
total_time: -1763516626.3261518
ttfb: -1763516627.66519
