audio_duration: 145.2
rtf: 0.3154668209307183
total_time: 45.8057823991403
ttfb: 1.112104899249971
