audio_duration: 143.6
rtf: 0.308031418521611
total_time: 44.233311699703336
ttfb: 1.1113561997190118
