audio_duration: 140.56
rtf: 0.3092818262649718
total_time: 43.47265349980444
ttfb: 1.113095499575138
