audio_duration: 140.16
rtf: 0.30384174443501766
total_time: 42.586458900012076
ttfb: 1.1106014996767044
