audio_duration: 125.52
rtf: 0.30901980162832654
total_time: 38.78816550038755
ttfb: 1.1147567005828023
