audio_duration: 119.68
rtf: 0.30721773395475427
total_time: 36.76781839970499
ttfb: 1.1114921001717448
