audio_duration: 141.28
rtf: 0.316912319508802
total_time: 44.77337250020355
ttfb: 1.1174378003925085
