audio_duration: 129.44
rtf: 0.3083188179851601
total_time: 39.90878779999912
ttfb: 1.1381582003086805
