audio_duration: 137.76
rtf: 0.3133668931421221
total_time: 43.169423199258745
ttfb: 1.1173340994864702
