audio_duration: 117.92
rtf: 0.30905137465966
total_time: 36.443338099867105
ttfb: 1.112269800156355
