audio_duration: 5.68
rtf: 0.3718613556743613
total_time: 2.112172500230372
ttfb: 0.46902360022068024
