audio_duration: 6.8
rtf: 0.3671373676179963
total_time: 2.496534099802375
ttfb: 0.52734399959445
