audio_duration: 6.72
rtf: 0.3820278720619778
total_time: 2.5672273002564907
ttfb: 0.6506457002833486
