audio_duration: 6.16
rtf: 0.365319448166418
total_time: 2.250367800705135
ttfb: 0.4844852006062865
