audio_duration: 8.08
rtf: 0.35193235150049673
total_time: 2.8436134001240134
ttfb: 0.47363439947366714
