audio_duration: 14.0
rtf: 0.3344868714255946
total_time: 4.682816199958324
ttfb: 0.5370790995657444
