audio_duration: 12.0
rtf: 0.33687547501176596
total_time: 4.0425057001411915
ttfb: 0.5219523003324866
