audio_duration: 11.52
rtf: 0.3450441753051968
total_time: 3.9749088995158672
ttfb: 0.539440699853003
