audio_duration: 9.2
rtf: 0.36364159779623156
total_time: 3.34550269972533
ttfb: 0.5825594998896122
