audio_duration: 11.04
rtf: 0.3423343478378071
total_time: 3.7793712001293898
ttfb: 0.528439300134778
