audio_duration: 15.68
rtf: 0.3405633163329556
total_time: 5.340032800100744
ttfb: 0.6326647996902466
