audio_duration: 15.76
rtf: 0.32879583759772296
total_time: 5.1818224005401134
ttfb: 0.49860090017318726
