audio_duration: 14.32
rtf: 0.33177249302681766
total_time: 4.750982100144029
ttfb: 0.5226881997659802
