audio_duration: 13.92
rtf: 0.33685126436884977
total_time: 4.688969600014389
ttfb: 0.48453390039503574
