audio_duration: 13.2
rtf: 0.34204989389488194
total_time: 4.515058599412441
ttfb: 0.5366693995893002
