audio_duration: 11.44
rtf: 0.346765935280966
total_time: 3.9670022996142507
ttfb: 0.49920089915394783
