audio_duration: 12.8
rtf: 0.34436083587934263
total_time: 4.407818699255586
ttfb: 0.5851678997278214
