audio_duration: 15.6
rtf: 0.3279940641294114
total_time: 5.116707400418818
ttfb: 0.5657057007774711
