audio_duration: 15.36
rtf: 0.33100261716754176
total_time: 5.084200199693441
ttfb: 0.5153566999360919
