audio_duration: 12.8
rtf: 0.3481861249747453
total_time: 4.45678239967674
ttfb: 0.6370392004027963
