audio_duration: 9.4389375
rtf: -186834230.7216319
total_time: -1763516626.6420636
ttfb: -1763516627.8100548
