audio_duration: 11.49390625
rtf: -153430573.39292926
total_time: -1763516626.4620733
ttfb: -1763516627.8360045
