audio_duration: 2.82125
rtf: -625083430.2216839
total_time: -1763516627.5129256
ttfb: -1763516627.9097745
