audio_duration: 13.27021875
rtf: -132892807.50642611
total_time: -1763516625.9119165
ttfb: -1763516627.7588325
