audio_duration: 11.8421875
rtf: -148918147.6528495
total_time: -1763516626.6577284
ttfb: -1763516627.9598713
