audio_duration: 4.8878125
rtf: -360798747.38370407
total_time: -1763516627.4464111
ttfb: -1763516627.9868853
