audio_duration: 15.10459375
rtf: -116753661.51488233
total_time: -1763516626.007307
ttfb: -1763516627.8316827
