audio_duration: 9.69434375
rtf: -181911913.9908999
total_time: -1763516626.4482179
ttfb: -1763516627.808263
