audio_duration: 7.33753125
rtf: -240341957.9088069
total_time: -1763516626.842055
ttfb: -1763516627.6551132
