audio_duration: 7.33753125
rtf: -240341957.93668413
total_time: -1763516627.0466053
ttfb: -1763516627.9217155
