audio_duration: 10.9830625
rtf: -160566929.89946634
total_time: -1763516626.5189576
ttfb: -1763516627.9448578
