audio_duration: 3.2508125
rtf: -542484879.5248064
total_time: -1763516627.4202347
ttfb: -1763516627.7764628
