audio_duration: 7.33753125
rtf: -240341957.9456503
total_time: -1763516627.1123948
ttfb: -1763516627.8624077
