audio_duration: 11.66803125
rtf: -151140889.88555744
total_time: -1763516626.3374932
ttfb: -1763516627.700688
