audio_duration: 8.88165625
rtf: -198557180.91212857
total_time: -1763516626.8305876
ttfb: -1763516627.8653471
