audio_duration: 8.324375
rtf: -211849733.6567456
total_time: -1763516626.6088717
ttfb: -1763516627.710935
