audio_duration: 7.08209375
rtf: -249010630.09099513
total_time: -1763516627.0509987
ttfb: -1763516627.8552861
