audio_duration: 4.4118125
rtf: -399726105.21552825
total_time: -1763516627.5661826
ttfb: -1763516627.9554527
