audio_duration: 11.11075
rtf: -158721654.84207568
total_time: -1763516626.5365922
ttfb: -1763516627.9040995
