audio_duration: 7.29109375
rtf: -241872713.1325301
total_time: -1763516627.016133
ttfb: -1763516627.8541803
