audio_duration: 8.45209375
rtf: -208648493.39935488
total_time: -1763516627.0076034
ttfb: -1763516627.8365738
