audio_duration: 9.17190625
rtf: -192273730.10380265
total_time: -1763516626.8498805
ttfb: -1763516627.8168356
