audio_duration: 5.4799375
rtf: -321813273.7952112
total_time: -1763516627.0681453
ttfb: -1763516627.8300276
