audio_duration: 9.99621875
rtf: -176418370.8766307
total_time: -1763516626.8014297
ttfb: -1763516627.9092453
