audio_duration: 4.63240625
rtf: -380691271.9152889
total_time: -1763516627.340834
ttfb: -1763516627.883044
