audio_duration: 157.23434375
rtf: 0.20391254821171081
total_time: 32.062055700458586
ttfb: 1.1221660999581218
