audio_duration: 147.08709375
rtf: 0.20593789249284458
total_time: 30.290806099772453
ttfb: 1.1680413000285625
