audio_duration: 137.89209375
rtf: 0.21878940249540293
total_time: 30.16932880040258
ttfb: 0.8296492006629705
