audio_duration: 139.1806875
rtf: 0.20982769322689715
total_time: 29.20396259985864
ttfb: 1.097147399559617
