audio_duration: 164.38596875
rtf: 0.2272287396792892
total_time: 37.35321650002152
ttfb: 1.5295869996771216
