audio_duration: 190.96125
rtf: 0.1730989868384376
total_time: 33.05519890040159
ttfb: 0.8343209000304341
