audio_duration: 177.43571875
rtf: 0.1885673399718832
total_time: 33.458581500686705
ttfb: 0.9088705005124211
