audio_duration: 152.60190625
rtf: 0.19669230901141124
total_time: 30.01562129985541
ttfb: 1.0242797005921602
