audio_duration: 167.14915625
rtf: 0.1805504256017995
total_time: 30.178851299919188
ttfb: 0.8306514993309975
