audio_duration: 144.56771875
rtf: 0.2077290681474887
total_time: 30.030917500145733
ttfb: 1.037377200089395
